[1] "False discoveries per data set at FDR < 0.05"
                  candidate baseline null strong_de near_poisson minimal_design generate_null weak_de low_count wide_rate trend
1                       mle      3.8  2.7       3.7         63.3            3.0           3.8     3.5       8.5      37.8  28.7
2                 cap_max_s      1.8  0.2       0.7          2.6            1.3           0.2     1.1       0.6       1.2   2.3
3                   cap_10s      2.1  0.2       1.1          1.8            1.6           0.1     1.2       0.6       1.0   1.0
4                   cap_50s      2.7  1.2       2.1          2.1            2.2           1.6     1.8       3.7       2.1   2.4
5               cap_3median      1.7  0.3       0.4          2.0            1.6           0.0     1.5       2.4       1.0   5.3
6              cap_10median      2.6  0.8       2.2          2.9            2.1           0.4     1.9       4.5       2.8  11.7
7                 winsor_95      1.8  0.4       0.7         55.3            1.7           1.0     1.6       4.8      37.8  27.9
8        boundary_to_median      3.0  1.2       2.5          4.9            2.2           1.6     2.5       3.0       4.5   4.0
9                common_raw      1.5  0.1       1.2          1.9            1.0           3.3     1.1       2.3       1.3   2.5
10              common_unit      1.9  0.2       0.6          1.8            1.5           1.5     1.2       0.2       2.2   3.4
11                   eb_map      1.8  0.2       0.9          1.9            1.5           0.3     1.2       0.3       1.7   1.0
12         profile_lower_50      2.0  0.5       1.5          4.0            1.8           0.7     2.0       3.3       4.3   4.6
13         profile_lower_90      1.9  0.3       1.1          2.6            1.5           0.1     1.2       1.2       1.3   2.0
14           moment_cap_50s      2.5  1.2       2.7          2.5            1.9           1.3     2.1       3.7       2.2   2.8
15                   master      1.8  0.2       0.7          2.6            1.3           0.2     1.1       0.6       1.2   2.3
16                   oracle      2.0  0.2       1.4          2.9            1.2            NA     1.2       0.2       5.7   1.5
17     mle_median_stabilize      4.0  2.9       3.7         31.2            3.1           3.8     3.5       8.6      41.2  32.3
18 cap_50s_median_stabilize      2.7  1.3       2.1          2.1            2.2           1.6     2.0       3.7       1.9   2.4
[1] "True discoveries per data set at FDR < 0.05"
                  candidate baseline null strong_de near_poisson minimal_design generate_null weak_de low_count wide_rate trend
1                       mle       15    0      14.6         12.7             15           8.2    17.5      14.5      20.1  20.4
2                 cap_max_s       15    0      14.7         15.0             15           8.8    18.2      12.3      18.9  20.7
3                   cap_10s       15    0      14.7         15.0             15           8.1    17.9      11.9      18.6  21.7
4                   cap_50s       15    0      14.6         15.0             15           8.1    17.6      13.6      17.6  23.5
5               cap_3median       15    0      14.7         15.0             15           8.8    17.6      14.2      18.3  24.4
6              cap_10median       15    0      14.6         15.0             15           8.2    18.0      13.9      17.6  25.2
7                 winsor_95       15    0      14.6         12.1             15           8.2    17.5      14.2      20.1  19.3
8        boundary_to_median       15    0      14.6         15.0             15           8.2    17.7      13.3      18.7  22.1
9                common_raw       15    0      15.0         15.0             15           8.2    18.9      11.3      19.4  25.0
10              common_unit       15    0      14.7         15.0             15           8.0    18.1      11.9      19.2  20.9
11                   eb_map       15    0      14.7         15.0             15           8.2    17.4      11.2      17.9  22.7
12         profile_lower_50       15    0      14.7         15.0             15           8.3    17.7      13.9      17.6  24.3
13         profile_lower_90       15    0      14.7         15.0             15           8.4    17.7      12.3      17.6  23.0
14           moment_cap_50s       15    0      14.6         15.0             15           8.1    17.8      13.7      18.1  22.8
15                   master       15    0      14.6         15.0             15           8.8    18.2      12.3      18.9  20.7
16                   oracle       15    0      14.7         15.0             15            NA    18.4      12.2      16.6  24.3
17     mle_median_stabilize       15    0      14.6          9.2             15           8.2    17.6      14.1      21.6  26.0
18 cap_50s_median_stabilize       15    0      14.6         15.0             15           8.1    17.6      13.6      17.6  23.5
[1] "Type-I error at p < 0.05, null genes"
                  candidate baseline  null strong_de near_poisson minimal_design generate_null weak_de low_count wide_rate trend
1                       mle    0.055 0.062     0.051        0.276          0.055         0.053   0.048     0.075     0.165 0.131
2                 cap_max_s    0.054 0.049     0.046        0.067          0.048         0.039   0.041     0.036     0.037 0.056
3                   cap_10s    0.052 0.053     0.044        0.065          0.051         0.034   0.041     0.037     0.041 0.044
4                   cap_50s    0.053 0.057     0.046        0.064          0.053         0.046   0.047     0.058     0.051 0.051
5               cap_3median    0.050 0.053     0.040        0.064          0.050         0.040   0.042     0.053     0.041 0.062
6              cap_10median    0.055 0.056     0.048        0.066          0.052         0.040   0.047     0.063     0.054 0.091
7                 winsor_95    0.052 0.055     0.041        0.256          0.052         0.044   0.042     0.062     0.166 0.126
8        boundary_to_median    0.054 0.055     0.048        0.079          0.053         0.046   0.046     0.057     0.063 0.063
9                common_raw    0.048 0.046     0.053        0.058          0.047         0.064   0.041     0.054     0.037 0.058
10              common_unit    0.050 0.049     0.047        0.064          0.047         0.059   0.041     0.031     0.036 0.053
11                   eb_map    0.047 0.050     0.045        0.064          0.049         0.036   0.042     0.030     0.043 0.044
12         profile_lower_50    0.052 0.055     0.048        0.076          0.051         0.038   0.046     0.051     0.061 0.064
13         profile_lower_90    0.048 0.052     0.045        0.066          0.050         0.031   0.043     0.038     0.042 0.050
14           moment_cap_50s    0.053 0.058     0.047        0.066          0.054         0.041   0.045     0.059     0.051 0.053
15                   master    0.054 0.048     0.044        0.067          0.048         0.039   0.042     0.036     0.037 0.056
16                   oracle    0.046 0.047     0.047        0.067          0.049            NA   0.040     0.031     0.058 0.052
17     mle_median_stabilize    0.058 0.062     0.052        0.189          0.059         0.053   0.050     0.074     0.182 0.153
18 cap_50s_median_stabilize    0.054 0.057     0.046        0.062          0.055         0.046   0.047     0.058     0.050 0.053
[1] "Pooled false discovery proportion"
                  candidate baseline null strong_de near_poisson minimal_design generate_null weak_de low_count wide_rate trend
1                       mle    0.202    1     0.202        0.833          0.167         0.317   0.167     0.370     0.653 0.585
2                 cap_max_s    0.107    1     0.045        0.148          0.080         0.022   0.057     0.047     0.060 0.100
3                   cap_10s    0.123    1     0.070        0.107          0.096         0.012   0.063     0.048     0.051 0.044
4                   cap_50s    0.153    1     0.126        0.123          0.128         0.165   0.093     0.214     0.107 0.093
5               cap_3median    0.102    1     0.026        0.118          0.096         0.000   0.079     0.145     0.052 0.178
6              cap_10median    0.148    1     0.131        0.162          0.123         0.047   0.095     0.245     0.137 0.317
7                 winsor_95    0.107    1     0.046        0.820          0.102         0.109   0.084     0.253     0.653 0.591
8        boundary_to_median    0.167    1     0.146        0.246          0.128         0.163   0.124     0.184     0.194 0.153
9                common_raw    0.091    1     0.074        0.112          0.062         0.287   0.055     0.169     0.063 0.091
10              common_unit    0.112    1     0.039        0.107          0.091         0.158   0.062     0.017     0.103 0.140
11                   eb_map    0.107    1     0.058        0.112          0.091         0.035   0.065     0.026     0.087 0.042
12         profile_lower_50    0.118    1     0.093        0.211          0.107         0.078   0.102     0.192     0.196 0.159
13         profile_lower_90    0.112    1     0.070        0.148          0.091         0.012   0.063     0.089     0.069 0.080
14           moment_cap_50s    0.143    1     0.156        0.143          0.112         0.138   0.106     0.213     0.108 0.109
15                   master    0.107    1     0.046        0.148          0.080         0.022   0.057     0.047     0.060 0.100
16                   oracle    0.118    1     0.087        0.162          0.074            NA   0.061     0.016     0.256 0.058
17     mle_median_stabilize    0.211    1     0.202        0.772          0.171         0.317   0.166     0.379     0.656 0.554
18 cap_50s_median_stabilize    0.153    1     0.126        0.123          0.128         0.165   0.102     0.214     0.097 0.093
[1] "AUC of |z|, DE against null"
                  candidate baseline null strong_de near_poisson minimal_design generate_null weak_de low_count wide_rate trend
1                       mle    0.998   NA     0.995        0.881          0.999         0.987   0.968     0.919     0.870 0.891
2                 cap_max_s    1.000   NA     1.000        1.000          1.000         0.997   0.978     0.946     0.979 0.954
3                   cap_10s    1.000   NA     1.000        1.000          1.000         0.996   0.975     0.944     0.976 0.965
4                   cap_50s    1.000   NA     0.999        1.000          1.000         0.994   0.973     0.932     0.966 0.970
5               cap_3median    1.000   NA     1.000        1.000          1.000         0.997   0.975     0.940     0.974 0.970
6              cap_10median    1.000   NA     0.999        1.000          1.000         0.996   0.973     0.929     0.964 0.958
7                 winsor_95    1.000   NA     1.000        0.881          1.000         0.995   0.974     0.929     0.870 0.891
8        boundary_to_median    1.000   NA     0.999        1.000          1.000         0.994   0.972     0.933     0.960 0.959
9                common_raw    1.000   NA     1.000        1.000          1.000         0.992   0.982     0.957     0.983 0.980
10              common_unit    1.000   NA     1.000        1.000          1.000         0.992   0.978     0.949     0.979 0.955
11                   eb_map    1.000   NA     1.000        1.000          1.000         0.996   0.977     0.948     0.971 0.968
12         profile_lower_50    1.000   NA     1.000        1.000          1.000         0.996   0.975     0.936     0.963 0.966
13         profile_lower_90    1.000   NA     1.000        1.000          1.000         0.996   0.976     0.942     0.974 0.966
14           moment_cap_50s    1.000   NA     0.999        1.000          1.000         0.995   0.973     0.932     0.966 0.970
15                   master    1.000   NA     1.000        1.000          1.000         0.997   0.978     0.946     0.979 0.954
16                   oracle    1.000   NA     1.000        1.000          1.000            NA   0.976     0.947     0.955 0.975
17     mle_median_stabilize    0.998   NA     0.995        0.865          0.999         0.987   0.968     0.918     0.868 0.897
18 cap_50s_median_stabilize    1.000   NA     0.999        1.000          1.000         0.994   0.973     0.931     0.967 0.970
[1] "Largest |Welch statistic|"
                  candidate baseline null strong_de near_poisson minimal_design generate_null weak_de low_count wide_rate trend
1                       mle     26.8 12.0      96.5         52.9           17.6          99.7    21.7      80.2      37.8 149.8
2                 cap_max_s      5.7  1.4      26.1          7.0            5.4          12.0     2.3       3.1       2.6   6.0
3                   cap_10s      5.8  1.4      26.2          6.6            6.0          12.0     2.7       4.2       2.8   5.0
4                   cap_50s      8.3  1.7      34.6          7.1            8.0          12.0     3.5       6.9       4.0   4.6
5               cap_3median      5.8  1.4      25.2          6.1            5.7          10.2     2.6       4.8       2.8   4.6
6              cap_10median      7.3  1.6      29.8          6.6            7.0          11.1     2.7       5.6       3.8   4.9
7                 winsor_95      5.8  1.4      26.1         53.1            5.7          12.0     2.7      11.5      37.8 151.3
8        boundary_to_median     26.8  2.2      27.0         12.4            6.7          12.0     6.7       6.9       7.4  15.4
9                common_raw      5.3  1.3      24.2          5.7            5.0           9.9     2.2       4.0       2.3   4.2
10              common_unit      5.7  1.4      25.6          6.6            5.4          14.2     2.4       3.8       2.4   5.8
11                   eb_map      5.8  1.4      27.6          6.7            5.7          12.0     2.5       3.7       3.5   4.9
12         profile_lower_50      6.8  1.7      41.8          7.6            7.3          11.9     2.8       8.1       5.0   4.8
13         profile_lower_90      6.1  1.4      34.6          6.9            5.8          11.8     2.5       4.0       3.4   5.0
14           moment_cap_50s      7.9  1.7      34.6          6.5            8.0          12.0     3.6       6.9       3.9   4.8
15                   master      5.7  1.4      26.1          7.0            5.4          12.0     2.3       3.1       2.6   6.0
16                   oracle      6.2  1.4      26.1          8.9            5.8            NA     2.5       3.9       6.4   4.4
17     mle_median_stabilize     26.8 12.0      96.7         83.3           17.6          99.7    21.7      80.2      38.1 255.7
18 cap_50s_median_stabilize      8.5  1.7      35.0          7.0            8.1          12.0     3.6       7.2       3.9   4.6
[1] "The boundary, and the units of the rate"
           regime frac_boundary frac_above_1e4 pearson_boundary pearson_interior pearson_all ratio_raw ratio_unit_free spearman_raw spearman_unit_free frac_at_legacy_cap map_prior_var
1        baseline       0.00533        0.00567            0.983             1.25    1.25e+00     2.499           1.126       0.5925             0.7742              0.913         0.250
2            null       0.00633        0.00633            0.987             1.25    1.25e+00     2.430           1.140       0.5988             0.7735              0.907         0.251
3       strong_de       0.00467        0.00467            0.979             1.25    1.25e+00     3.000           1.159       0.5667             0.7640              0.865         0.258
4    near_poisson       0.48100        0.48133            0.949             1.04    9.96e-01     0.299           0.134       0.0828             0.0782              1.000         0.250
5  minimal_design       0.00367        0.00367            0.966             1.26    1.25e+00     2.342           1.036       0.6112             0.7913              0.992         0.257
6   generate_null       0.00833        0.00833            0.970         96419.33    9.56e+04        NA              NA           NA                 NA              0.387         6.197
7         weak_de       0.00400        0.00400            0.966             1.25    1.25e+00     2.470           1.125       0.6010             0.7784              0.916         0.263
8       low_count       0.02533        0.02533            0.954             1.18    1.17e+00     0.321           1.387       0.4933             0.6411              0.921         0.250
9       wide_rate       0.15967        0.15967            0.954             1.35    1.29e+00     2.042           1.029       0.8522             0.8792              0.778         2.755
10          trend       0.11733        0.11733            0.945             1.21    1.18e+00     1.754           1.115       0.0320             0.8479              0.864         0.952
[1] "SD of the null Gaussian statistic, by fifth of the rate (1 = smallest)"
     candidate       regime rate_group_1 rate_group_2 rate_group_3 rate_group_4 rate_group_5
1          mle         null         0.26         0.29         0.31         0.35         0.69
2          mle     baseline         0.28         0.30         0.32         0.34         0.66
3          mle near_poisson         0.25         0.26         1.20         2.21         2.37
4          mle    wide_rate         0.29         0.26         0.28         0.30         2.94
5          mle        trend         0.24         0.29         0.30         0.30         3.43
6       master         null         0.26         0.29         0.32         0.34         0.38
7       master     baseline         0.28         0.32         0.32         0.34         0.37
8       master near_poisson         0.27         0.28         0.30         0.32         0.38
9       master    wide_rate         0.31         0.30         0.32         0.35         0.37
10      master        trend         0.27         0.30         0.34         0.40         0.48
11     cap_10s         null         0.26         0.30         0.31         0.35         0.39
12     cap_10s     baseline         0.29         0.31         0.33         0.34         0.38
13     cap_10s near_poisson         0.27         0.28         0.31         0.32         0.35
14     cap_10s    wide_rate         0.30         0.31         0.33         0.37         0.40
15     cap_10s        trend         0.32         0.33         0.36         0.38         0.40
16     cap_50s         null         0.26         0.29         0.31         0.35         0.43
17     cap_50s     baseline         0.28         0.31         0.33         0.34         0.42
18     cap_50s near_poisson         0.27         0.30         0.30         0.33         0.38
19     cap_50s    wide_rate         0.30         0.28         0.34         0.41         0.53
20     cap_50s        trend         0.31         0.37         0.38         0.38         0.46
21      eb_map         null         0.27         0.29         0.31         0.35         0.38
22      eb_map     baseline         0.29         0.30         0.34         0.34         0.37
23      eb_map near_poisson         0.27         0.28         0.30         0.31         0.36
24      eb_map    wide_rate         0.30         0.29         0.34         0.38         0.48
25      eb_map        trend         0.33         0.35         0.36         0.37         0.40
26 common_unit         null         0.27         0.31         0.31         0.33         0.37
27 common_unit     baseline         0.28         0.32         0.32         0.33         0.37
28 common_unit near_poisson         0.27         0.28         0.30         0.33         0.35
29 common_unit    wide_rate         0.29         0.30         0.33         0.34         0.37
30 common_unit        trend         0.28         0.29         0.34         0.37         0.51
31      oracle         null         0.27         0.29         0.32         0.35         0.38
32      oracle     baseline         0.30         0.31         0.33         0.35         0.37
33      oracle near_poisson         0.24         0.30         0.32         0.36         0.41
34      oracle    wide_rate         0.29         0.28         0.34         0.42         0.65
35      oracle        trend         0.37         0.38         0.36         0.36         0.37
