[1] "fp"
   candidate baseline generate_null low_count minimal_design near_poisson null strong_de trend weak_de wide_rate
1      cap_1      1.9           0.2       0.4            1.5          1.8  0.2       0.6   3.5     1.2       1.7
2      cap_2      1.9           0.1       0.2            1.5          1.8  0.2       0.6   2.8     1.2       1.4
3      cap_5      2.0           0.0       0.3            1.4          1.8  0.2       0.8   1.6     1.4       1.1
4     cap_10      2.1           0.1       0.6            1.6          1.8  0.2       1.1   1.0     1.2       1.0
5     cap_20      2.5           0.4       1.6            1.9          1.8  0.5       1.5   1.2     1.8       0.9
6     cap_50      2.7           1.6       3.7            2.2          2.1  1.2       2.1   2.4     1.8       2.1
7    cap_200      3.7           3.0       6.2            2.6          3.8  2.2       3.3  10.1     3.0       7.0
8   cap_1000      4.0           3.5       7.2            2.7          8.3  2.9       3.7  21.6     3.6      24.2
9    cap_Inf      3.8           3.8       8.5            3.0         63.3  2.7       3.7  28.7     3.5      37.8
10  map_0.05      2.2           0.3       0.1            1.3          1.9  0.2       0.8   1.9     1.0       1.2
11  map_0.25      1.8           0.0       0.3            1.5          1.9  0.2       0.9   1.1     1.2       0.8
12     map_1      1.9           0.1       0.9            1.6          2.1  0.2       1.1   1.1     1.4       1.1
13     map_4      2.4           0.2       1.9            1.7          2.7  0.5       1.5   2.3     1.7       1.7
[1] "fp_se"
   candidate baseline generate_null low_count minimal_design near_poisson null strong_de trend weak_de wide_rate
1      cap_1     0.48          0.20      0.22           0.52         0.81 0.13      0.40  0.78    0.47      0.56
2      cap_2     0.48          0.10      0.13           0.52         0.81 0.13      0.40  0.57    0.47      0.43
3      cap_5     0.54          0.00      0.21           0.64         0.81 0.13      0.59  0.56    0.43      0.46
4     cap_10     0.55          0.10      0.27           0.67         0.81 0.13      0.48  0.30    0.42      0.42
5     cap_20     0.52          0.16      0.48           0.80         0.71 0.22      0.60  0.29    0.51      0.38
6     cap_50     0.45          0.40      0.63           0.88         0.57 0.36      0.46  0.52    0.47      0.38
7    cap_200     0.67          0.71      0.88           0.81         0.44 0.47      0.78  1.10    0.75      0.80
8   cap_1000     0.73          0.69      1.15           0.79         1.27 0.55      0.67  1.53    0.73      1.09
9    cap_Inf     0.61          0.59      1.15           0.76        11.80 0.47      0.67  1.22    0.76      1.74
10  map_0.05     0.57          0.30      0.10           0.56         0.84 0.13      0.59  0.53    0.42      0.47
11  map_0.25     0.47          0.00      0.15           0.62         0.80 0.13      0.48  0.38    0.42      0.42
12     map_1     0.48          0.10      0.28           0.67         0.67 0.13      0.48  0.28    0.43      0.50
13     map_4     0.43          0.13      0.50           0.73         0.62 0.22      0.60  0.45    0.52      0.42
[1] "tp"
   candidate baseline generate_null low_count minimal_design near_poisson null strong_de trend weak_de wide_rate
1      cap_1       15           8.5      13.1             15         15.0    0      14.7  20.9    18.1      19.3
2      cap_2       15           8.8      12.7             15         15.0    0      14.7  21.0    18.1      19.5
3      cap_5       15           8.3      12.0             15         15.0    0      14.7  20.9    17.8      18.9
4     cap_10       15           8.1      11.9             15         15.0    0      14.7  21.7    17.9      18.6
5     cap_20       15           8.1      13.0             15         15.0    0      14.7  23.0    17.6      17.8
6     cap_50       15           8.1      13.6             15         15.0    0      14.6  23.5    17.6      17.6
7    cap_200       15           8.2      14.2             15         15.0    0      14.6  24.6    17.8      17.1
8   cap_1000       15           8.2      14.3             15         15.0    0      14.6  25.5    17.9      20.1
9    cap_Inf       15           8.2      14.5             15         12.7    0      14.6  20.4    17.5      20.1
10  map_0.05       15           8.3      12.3             15         15.0    0      14.7  21.0    17.4      19.1
11  map_0.25       15           8.6      11.2             15         15.0    0      14.7  22.0    17.4      18.0
12     map_1       15           8.3      12.3             15         15.0    0      14.7  23.0    17.7      17.7
13     map_4       15           8.2      13.3             15         15.0    0      14.6  23.7    18.0      17.3
[1] "tp_se"
   candidate baseline generate_null low_count minimal_design near_poisson null strong_de trend weak_de wide_rate
1      cap_1        0          0.45      0.69              0         0.00    0      0.21  0.87    1.61      1.99
2      cap_2        0          0.39      0.62              0         0.00    0      0.21  0.82    1.61      2.04
3      cap_5        0          0.37      1.13              0         0.00    0      0.21  0.82    1.83      1.92
4     cap_10        0          0.38      0.99              0         0.00    0      0.21  0.76    1.81      1.58
5     cap_20        0          0.38      1.23              0         0.00    0      0.21  0.63    1.72      1.70
6     cap_50        0          0.38      1.24              0         0.00    0      0.31  0.82    1.77      1.81
7    cap_200        0          0.39      1.20              0         0.00    0      0.31  0.83    1.86      1.72
8   cap_1000        0          0.39      1.25              0         0.00    0      0.31  0.75    1.85      1.49
9    cap_Inf        0          0.39      1.28              0         1.28    0      0.31  2.30    1.88      2.02
10  map_0.05        0          0.42      1.00              0         0.00    0      0.21  0.86    1.85      1.87
11  map_0.25        0          0.37      1.05              0         0.00    0      0.21  0.77    1.85      1.78
12     map_1        0          0.37      1.03              0         0.00    0      0.21  0.67    1.86      1.80
13     map_4        0          0.39      1.31              0         0.00    0      0.31  0.75    1.87      1.68
[1] "type1"
   candidate baseline generate_null low_count minimal_design near_poisson null strong_de trend weak_de wide_rate
1      cap_1     0.05          0.04      0.04           0.05         0.06 0.05      0.05  0.05    0.04      0.04
2      cap_2     0.05          0.04      0.03           0.05         0.06 0.05      0.05  0.05    0.04      0.04
3      cap_5     0.05          0.03      0.03           0.05         0.06 0.05      0.04  0.04    0.04      0.04
4     cap_10     0.05          0.03      0.04           0.05         0.06 0.05      0.04  0.04    0.04      0.04
5     cap_20     0.05          0.04      0.05           0.05         0.06 0.05      0.05  0.05    0.04      0.04
6     cap_50     0.05          0.05      0.06           0.05         0.06 0.06      0.05  0.05    0.05      0.05
7    cap_200     0.06          0.05      0.07           0.05         0.07 0.06      0.05  0.08    0.05      0.08
8   cap_1000     0.06          0.05      0.07           0.05         0.09 0.06      0.05  0.12    0.05      0.13
9    cap_Inf     0.05          0.05      0.08           0.06         0.28 0.06      0.05  0.13    0.05      0.17
10  map_0.05     0.05          0.04      0.03           0.05         0.06 0.05      0.05  0.05    0.04      0.04
11  map_0.25     0.05          0.03      0.03           0.05         0.06 0.05      0.04  0.05    0.04      0.04
12     map_1     0.05          0.03      0.04           0.05         0.06 0.05      0.05  0.04    0.04      0.04
13     map_4     0.05          0.04      0.05           0.05         0.07 0.05      0.04  0.05    0.04      0.04
[1] "frac_capped"
   candidate baseline generate_null low_count minimal_design near_poisson null strong_de trend weak_de wide_rate
1      cap_1     1.00          0.47      1.00           1.00         1.00 1.00      1.00  1.00    1.00      0.92
2      cap_2     0.97          0.31      0.98           0.95         1.00 0.97      0.97  0.90    0.97      0.80
3      cap_5     0.41          0.16      0.55           0.36         1.00 0.42      0.43  0.67    0.42      0.64
4     cap_10     0.11          0.07      0.22           0.09         0.95 0.12      0.12  0.45    0.11      0.49
5     cap_20     0.03          0.03      0.09           0.02         0.80 0.03      0.03  0.28    0.04      0.34
6     cap_50     0.01          0.02      0.05           0.01         0.62 0.01      0.01  0.17    0.01      0.23
7    cap_200     0.01          0.01      0.03           0.00         0.51 0.01      0.01  0.13    0.01      0.18
8   cap_1000     0.01          0.01      0.03           0.00         0.48 0.01      0.00  0.12    0.00      0.16
9    cap_Inf     0.00          0.00      0.00           0.00         0.00 0.00      0.00  0.00    0.00      0.00
10  map_0.05     0.50          0.50      0.51           0.50         0.74 0.50      0.50  0.56    0.50      0.58
11  map_0.25     0.50          0.50      0.51           0.50         0.74 0.50      0.50  0.56    0.50      0.58
12     map_1     0.50          0.50      0.51           0.50         0.74 0.50      0.50  0.56    0.50      0.58
13     map_4     0.50          0.50      0.51           0.50         0.74 0.50      0.50  0.56    0.50      0.58
