          candidate    regime   fp   tp  type1 frac_boundary frac_within_2fold max_unit_free_rate prior_var sampling_var fp_se
1               mle      null  0.6  0.0 0.0567        0.0000             0.996           2.05e+01     0.254       0.0175 0.267
2         cap_max_s      null  0.4  0.0 0.0560        0.0000             0.633           5.69e+00     0.254       0.0175 0.306
3           cap_10s      null  0.5  0.0 0.0560        0.0000             0.999           1.00e+01     0.254       0.0175 0.269
4            eb_map      null  0.6  0.0 0.0557        0.0000             0.999           1.14e+01     0.254       0.0175 0.340
5    eb_map_cap_10s      null  0.6  0.0 0.0553        0.0000             0.999           1.00e+01     0.254       0.0175 0.340
6  profile_lower_90      null  0.6  0.0 0.0550        0.0000             0.998           1.04e+01     0.254       0.0175 0.340
7            oracle      null  0.6  0.0 0.0587        0.0000             1.000           7.97e+00     0.254       0.0175 0.340
8               mle   weak_de  3.3 29.4 0.0563        0.0000             0.991           1.73e+01     0.258       0.0181 0.989
9         cap_max_s   weak_de  2.9 29.2 0.0548        0.0000             0.642           6.93e+00     0.258       0.0181 1.100
10          cap_10s   weak_de  3.2 29.4 0.0552        0.0000             0.997           1.00e+01     0.258       0.0181 0.940
11           eb_map   weak_de  3.2 29.4 0.0537        0.0000             0.998           1.13e+01     0.258       0.0181 0.940
12   eb_map_cap_10s   weak_de  3.2 29.4 0.0537        0.0000             0.998           9.99e+00     0.258       0.0181 0.940
13 profile_lower_90   weak_de  3.2 29.6 0.0541        0.0000             0.998           9.92e+00     0.258       0.0181 0.940
14           oracle   weak_de  3.2 29.6 0.0563        0.0000             1.000           7.96e+00     0.258       0.0181 1.020
15              mle wide_rate 20.1 26.7 0.1010        0.0577             0.743           1.45e+07     3.550       0.0556 1.920
16        cap_max_s wide_rate  3.2 29.3 0.0604        0.0577             0.373           6.22e+00     3.550       0.0556 0.646
17          cap_10s wide_rate  3.0 28.5 0.0589        0.0577             0.609           1.00e+01     3.550       0.0556 0.558
18           eb_map wide_rate  6.2 28.2 0.0744        0.0577             0.769           1.20e+02     3.550       0.0556 1.050
19   eb_map_cap_10s wide_rate  3.0 28.5 0.0589        0.0577             0.609           1.00e+01     3.550       0.0556 0.558
20 profile_lower_90 wide_rate  5.7 28.6 0.0696        0.0577             0.632           6.61e+01     3.550       0.0556 1.040
21           oracle wide_rate 10.1 27.3 0.0959        0.0577             1.000           1.97e+02     3.550       0.0556 1.510
